%% Exercicio 8


f=(x+5)/30;

Sx=(1,2,3,4);
f(1)=6/30;
f(2)=7/30;
f(3)=8/30;
f(4)=9/30;


Fx= | 0    , x<1;
    | 6/30 , 1<=x<2;
    | 13/30, 2<=x<3;
    | 21/30, 3<=x<4;
    | 1    , x>=4;